[level]
width,2880

[platforms]
# Ground
0,480,2880,64
# Section 1
150,410,192,20
350,345,192,20
600,280,192,20
# Section 2
850,410,192,20
1050,345,192,20
1250,280,192,20
1100,200,192,20
# Section 3
1500,410,192,20
1700,345,192,20
1900,280,192,20
# Section 4 - boss arena
2200,410,192,20

[diamonds]
200,390
400,325
650,260
900,390
1100,325
1300,260
1150,180
1550,390
1750,325
1950,260
2250,390
2280,390

[potions]
380,325
900,390
1280,260
1930,260
2250,390

[pinkstars]
250,450
950,450
1080,315
1600,450

[crabbies]
500,450
1200,450
1850,450

[boss]
2780,416
