[level]
width,2880

[platforms]
# Ground spans the full level
0,480,2880,60
# Section 1
120,410,150,20
350,345,150,20
570,280,150,20
300,215,180,20
# Section 2
800,410,150,20
1020,345,150,20
1200,280,180,20
# Section 3
1450,410,150,20
1650,345,150,20
1850,280,150,20
1700,200,150,20
# Section 4
2100,410,200,20
2350,345,150,20
2550,280,180,20

[diamonds]
# Section 1
170,390
200,390
400,325
430,325
620,260
650,260
360,195
# Section 2
850,390
880,390
1070,325
1250,260
1280,260
# Section 3
1500,390
1700,325
1900,260
1750,180
1780,180
# Section 4
2150,390
2180,390
2400,325
2600,260
2630,260

[potions]
390,195
1260,260
2560,260
